 Address Modified Not-Modified
    4000 00000000 00000000
    4004 00000000 00000000
    4008 00000000 00000000
    400c 00000000 00000000
    4010 00000000 00000000
    4014 00000000 00000000
    4018 00000000 00000000
    401c 00000000 00000000
    4020 03201d77 03201d77
    4024 001040c7 10000405
    4028 00140000 00140000
    402c 00000000 00000000
    4030 00000000 00000000
    4034 00000000 00000000
    4038 00000000 00000000
    403c 00000000 00000000
    4040 00000000 00000000
    4044 00000000 00000000
    4048 00000000 00000000
    404c 00000000 00000000
    4050 00000000 00000000
    4054 000041ff 000014ff
    4058 ffe60100 fff60000
    405c 3f00012e 3f000014
    4060 00004340 ffffc000
    4064 00000000 00000000
    4068 00000000 00000000
    406c 00000000 00000000
    4070 00000000 00000000
    4074 00000000 00000000
    4078 00000000 00000000
    407c 00000000 00000000
    4080 00000000 00000000
    4084 00000000 00000000
    4088 00000000 00000000
    408c 00000000 00000000
    4090 00000000 00000000
    4094 00000000 00000000
    4098 00030010 00031000
    409c 40402027 00772027
    40a0 05ffffd0 05100000
    40a4 00000000 00000000
    40a8 00000000 00000000
    40ac 00000000 00000000
    40b0 00000000 00000000
    40b4 00000000 00000000
    40b8 00000000 00000000
    40bc 00000000 00000000
    40c0 00000000 00000000
    40c4 00000000 00000000
    40c8 00000000 00000000
    40cc 00000000 00000000
    40d0 00000001 00000000
    40d4 00400000 0000ffff
    40d8 92010040 f6ffffff
    40dc ffff0300 ffff0310
    40e0 10404000 00007710
    40e4 1040c7ff 00040510
    40e8 ffd00000 00000000
    40ec 00000000 00000000
    40f0 00000000 00000000
    40f4 00000000 00000000
    40f8 00000000 00000000
    40fc 00000000 00000000
    4100 00000000 00000000
    4104 00000000 00000000
    4108 010040a2 00003000
    410c 00080000 00080000
    4110 40010040 11000000
    4114 00004200 00000000
    4118 00000000 00000000
    411c 00000000 00000000
    4120 00000000 00000000
    4124 00000000 00000000
    4128 00000000 00000000