 
    4000 00000000 00000000 00000000 00000000 
    4010 00000000 00000000 00000000 00000000 
    4020 03201d77 1040c705 00140000 00000000 
    4030 00000000 00000000 00000000 00000000 
    4040 00000000 00000000 00000000 00000000 
    4050 00000000 00412600 00080040 51000004 
    4060 00008300 00000000 00000000 00000000 
    4070 00000000 00000000 00000000 00000000 
    4080 00000000 00000000 00000000 00000000 
    4090 00000000 00000000 00031040 40772027 
    40a0 05100014 00000000 00000000 00000000 
    40b0 00000000 00000000 00000000 00000000 
    40c0 00000000 00000000 00000000 00000000 
    40d0 00000000 41260000 08004051 00000310 
    40e0 40407710 40c70510 00140000 00000000 
    40f0 00000000 00000000 00000000 00000000 
    4100 00000000 00000000 00412600 00080040 
    4110 51000004 00008300 00000000 00000000 
    4120 00000000 00000000 00