 
    4000 00000000 00000000 00000000 00000000 
    4010 00000000 00000000 00000000 00000000 
    4020 03201d77 10000405 00140000 00000000 
    4030 00000000 00000000 00000000 00000000 
    4040 00000000 00000000 00000000 00000000 
    4050 00000000 000014ff fff60000 3f000014 
    4060 ffffc000 00000000 00000000 00000000 
    4070 00000000 00000000 00000000 00000000 
    4080 00000000 00000000 00000000 00000000 
    4090 00000000 00000000 00031000 00772027 
    40a0 05100000 00000000 00000000 00000000 
    40b0 00000000 00000000 00000000 00000000 
    40c0 00000000 00000000 00000000 00000000 
    40d0 00000000 0000ffff f6ffffff ffff0310 
    40e0 00007710 00040510 00000000 00000000 
    40f0 00000000 00000000 00000000 00000000 
    4100 00000000 00000000 00003000 00080000 
    4110 11000000 00000000 00000000 00000000 
    4120 00000000 00000000 00